/*--------------------------------*- C++ -*----------------------------------*\
| =========                 |                                                 |
| \\      /  F ield         | foam-extend: Open Source CFD                    |
|  \\    /   O peration     | Version:     5.0                                |
|   \\  /    A nd           | Web:         http://www.foam-extend.org         |
|    \\/     M anipulation  |                                                 |
\*---------------------------------------------------------------------------*/
FoamFile
{
    version     2.0;
    format      ascii;
    class       labelList;
    note        "nPoints: 8946 nCells: 4250 nFaces: 17010 nInternalFaces: 8065";
    location    "constant/polyMesh";
    object      neighbour;
}
// * * * * * * * * * * * * * * * * * * * * * * * * * * * * * * * * * * * * * //


8065
(
1
10
2
11
3
12
4
13
5
14
6
15
7
16
8
17
9
18
19
11
20
12
21
13
22
14
23
15
24
16
25
17
26
18
27
19
28
29
21
30
22
31
23
32
24
33
25
34
26
35
27
36
28
37
29
38
39
31
40
32
41
33
42
34
43
35
44
36
45
37
46
38
47
39
48
49
41
50
42
51
43
52
44
53
45
54
46
55
47
56
48
57
49
58
59
51
60
52
61
53
62
54
63
55
64
56
65
57
66
58
67
59
68
69
61
70
62
71
63
72
64
73
65
74
66
75
67
76
68
77
69
78
79
71
80
72
81
73
82
74
83
75
84
76
85
77
86
78
87
79
88
89
81
90
82
91
83
92
84
93
85
94
86
95
87
96
88
97
89
98
99
91
100
92
101
93
102
94
103
95
104
96
105
97
106
98
107
99
108
109
101
110
102
111
103
112
104
113
105
114
106
115
107
116
108
117
109
118
119
111
120
112
121
113
122
114
123
115
124
116
125
117
126
118
127
119
128
129
121
130
122
131
123
132
124
133
125
134
126
135
127
136
128
137
129
138
139
131
140
132
141
133
142
134
143
135
144
136
145
137
146
138
147
139
148
149
141
150
142
151
143
152
144
153
145
154
146
155
147
156
148
157
149
158
159
151
160
152
161
153
162
154
163
155
164
156
165
157
166
158
167
159
168
169
161
170
162
171
163
172
164
173
165
174
166
175
167
176
168
177
169
178
179
171
180
172
181
173
182
174
183
175
184
176
185
177
186
178
187
179
188
189
181
190
182
191
183
192
184
193
185
194
186
195
187
196
188
197
189
198
199
191
200
192
201
193
202
194
203
195
204
196
205
197
206
198
207
199
208
209
201
210
202
211
203
212
204
213
205
214
206
215
207
216
208
217
209
218
219
211
220
212
221
213
222
214
223
215
224
216
225
217
226
218
227
219
228
229
221
230
222
231
223
232
224
233
225
234
226
235
227
236
228
237
229
238
239
231
240
232
241
233
242
234
243
235
244
236
245
237
246
238
247
239
248
249
241
250
242
251
243
252
244
253
245
254
246
255
247
256
248
257
249
258
259
251
260
252
261
253
262
254
263
255
264
256
265
257
266
258
267
259
268
269
261
270
262
271
263
272
264
273
265
274
266
275
267
276
268
277
269
278
279
271
280
272
281
273
282
274
283
275
284
276
285
277
286
278
287
279
288
289
281
290
282
291
283
292
284
293
285
294
286
295
287
296
288
297
289
298
299
291
300
292
301
293
302
294
303
295
304
296
305
297
306
298
307
299
308
309
301
310
302
311
303
312
304
313
305
314
306
315
307
316
308
317
309
318
319
311
320
312
321
313
322
314
323
315
324
316
325
317
326
318
327
319
328
329
321
330
322
331
323
332
324
333
325
334
326
335
327
336
328
337
329
338
339
331
340
332
341
333
342
334
343
335
344
336
345
337
346
338
347
339
348
349
341
350
342
351
343
352
344
353
345
354
346
355
347
356
348
357
349
358
359
351
360
352
361
353
362
354
363
355
364
356
365
357
366
358
367
359
368
369
361
370
362
371
363
372
364
373
365
374
366
375
367
376
368
377
369
378
379
371
380
372
381
373
382
374
383
375
384
376
385
377
386
378
387
379
388
389
381
390
382
391
383
392
384
393
385
394
386
395
387
396
388
397
389
398
399
391
400
392
401
393
402
394
403
395
404
396
405
397
406
398
407
399
408
409
401
410
402
411
403
412
404
413
405
414
406
415
407
416
408
417
409
418
419
411
420
412
421
413
422
414
423
415
424
416
425
417
426
418
427
419
428
429
421
430
422
431
423
432
424
433
425
434
426
435
427
436
428
437
429
438
439
431
440
432
441
433
442
434
443
435
444
436
445
437
446
438
447
439
448
449
441
450
442
451
443
452
444
453
445
454
446
455
447
456
448
457
449
458
459
451
460
452
461
453
462
454
463
455
464
456
465
457
466
458
467
459
468
469
461
470
462
471
463
472
464
473
465
474
466
475
467
476
468
477
469
478
479
471
480
472
481
473
482
474
483
475
484
476
485
477
486
478
487
479
488
489
481
490
482
491
483
492
484
493
485
494
486
495
487
496
488
497
489
498
499
491
500
492
501
493
502
494
503
495
504
496
505
497
506
498
507
499
508
509
501
510
502
511
503
512
504
513
505
514
506
515
507
516
508
517
509
518
519
511
520
512
521
513
522
514
523
515
524
516
525
517
526
518
527
519
528
529
521
530
522
531
523
532
524
533
525
534
526
535
527
536
528
537
529
538
539
531
540
532
541
533
542
534
543
535
544
536
545
537
546
538
547
539
548
549
541
550
542
551
543
552
544
553
545
554
546
555
547
556
548
557
549
558
559
551
560
552
561
553
562
554
563
555
564
556
565
557
566
558
567
559
568
569
561
570
562
571
563
572
564
573
565
574
566
575
567
576
568
577
569
578
579
571
580
572
581
573
582
574
583
575
584
576
585
577
586
578
587
579
588
589
581
590
582
591
583
592
584
593
585
594
586
595
587
596
588
597
589
598
599
591
600
592
601
593
602
594
603
595
604
596
605
597
606
598
607
599
608
609
601
610
602
611
603
612
604
613
605
614
606
615
607
616
608
617
609
618
619
611
620
612
621
613
622
614
623
615
624
616
625
617
626
618
627
619
628
629
621
630
622
631
623
632
624
633
625
634
626
635
627
636
628
637
629
638
639
631
640
632
641
633
642
634
643
635
644
636
645
637
646
638
647
639
648
649
641
650
642
651
643
652
644
653
645
654
646
655
647
656
648
657
649
658
659
651
660
652
661
653
662
654
663
655
664
656
665
657
666
658
667
659
668
669
661
670
662
671
663
672
664
673
665
674
666
675
667
676
668
677
669
678
679
671
680
672
681
673
682
674
683
675
684
676
685
677
686
678
687
679
688
689
681
690
682
691
683
692
684
693
685
694
686
695
687
696
688
697
689
698
699
691
700
692
701
693
702
694
703
695
704
696
705
697
706
698
707
699
708
709
701
710
702
711
703
712
704
713
705
714
706
715
707
716
708
717
709
718
719
711
720
712
721
713
722
714
723
715
724
716
725
717
726
718
727
719
728
729
721
730
722
731
723
732
724
733
725
734
726
735
727
736
728
737
729
738
739
731
740
732
741
733
742
734
743
735
744
736
745
737
746
738
747
739
748
749
741
750
742
751
743
752
744
753
745
754
746
755
747
756
748
757
749
758
759
751
760
752
761
753
762
754
763
755
764
756
765
757
766
758
767
759
768
769
761
770
762
771
763
772
764
773
765
774
766
775
767
776
768
777
769
778
779
771
780
772
781
773
782
774
783
775
784
776
785
777
786
778
787
779
788
789
781
790
782
791
783
792
784
793
785
794
786
795
787
796
788
797
789
798
799
791
800
792
801
793
802
794
803
795
804
796
805
797
806
798
807
799
808
809
801
810
802
811
803
812
804
813
805
814
806
815
807
816
808
817
809
818
819
811
820
812
821
813
822
814
823
815
824
816
825
817
826
818
827
819
828
829
821
830
822
831
823
832
824
833
825
834
826
835
827
836
828
837
829
838
839
831
840
832
841
833
842
834
843
835
844
836
845
837
846
838
847
839
848
849
841
850
842
851
843
852
844
853
845
854
846
855
847
856
848
857
849
858
859
851
860
852
861
853
862
854
863
855
864
856
865
857
866
858
867
859
868
869
861
870
862
871
863
872
864
873
865
874
866
875
867
876
868
877
869
878
879
871
880
872
881
873
882
874
883
875
884
876
885
877
886
878
887
879
888
889
881
890
882
891
883
892
884
893
885
894
886
895
887
896
888
897
889
898
899
891
900
892
901
893
902
894
903
895
904
896
905
897
906
898
907
899
908
909
901
910
902
911
903
912
904
913
905
914
906
915
907
916
908
917
909
918
919
911
920
912
921
913
922
914
923
915
924
916
925
917
926
918
927
919
928
929
921
930
922
931
923
932
924
933
925
934
926
935
927
936
928
937
929
938
939
931
940
932
941
933
942
934
943
935
944
936
945
937
946
938
947
939
948
949
941
950
942
951
943
952
944
953
945
954
946
955
947
956
948
957
949
958
959
951
960
952
961
953
962
954
963
955
964
956
965
957
966
958
967
959
968
969
961
970
962
971
963
972
964
973
965
974
966
975
967
976
968
977
969
978
979
971
980
972
981
973
982
974
983
975
984
976
985
977
986
978
987
979
988
989
981
990
982
991
983
992
984
993
985
994
986
995
987
996
988
997
989
998
999
991
1000
992
1001
993
1002
994
1003
995
1004
996
1005
997
1006
998
1007
999
1008
1009
1001
1010
1002
1011
1003
1012
1004
1013
1005
1014
1006
1015
1007
1016
1008
1017
1009
1018
1019
1011
1020
1012
1021
1013
1022
1014
1023
1015
1024
1016
1025
1017
1026
1018
1027
1019
1028
1029
1021
1030
1022
1031
1023
1032
1024
1033
1025
1034
1026
1035
1027
1036
1028
1037
1029
1038
1039
1031
1040
1032
1041
1033
1042
1034
1043
1035
1044
1036
1045
1037
1046
1038
1047
1039
1048
1049
1041
1050
1042
1051
1043
1052
1044
1053
1045
1054
1046
1055
1047
1056
1048
1057
1049
1058
1059
1051
1060
1052
1061
1053
1062
1054
1063
1055
1064
1056
1065
1057
1066
1058
1067
1059
1068
1069
1061
1070
1062
1071
1063
1072
1064
1073
1065
1074
1066
1075
1067
1076
1068
1077
1069
1078
1079
1071
1080
1072
1081
1073
1082
1074
1083
1075
1084
1076
1085
1077
1086
1078
1087
1079
1088
1089
1081
1090
1082
1091
1083
1092
1084
1093
1085
1094
1086
1095
1087
1096
1088
1097
1089
1098
1099
1091
1100
1092
1101
1093
1102
1094
1103
1095
1104
1096
1105
1097
1106
1098
1107
1099
1108
1109
1101
1110
1102
1111
1103
1112
1104
1113
1105
1114
1106
1115
1107
1116
1108
1117
1109
1118
1119
1111
1120
1112
1121
1113
1122
1114
1123
1115
1124
1116
1125
1117
1126
1118
1127
1119
1128
1129
1121
1130
1122
1131
1123
1132
1124
1133
1125
1134
1126
1135
1127
1136
1128
1137
1129
1138
1139
1131
1140
1132
1141
1133
1142
1134
1143
1135
1144
1136
1145
1137
1146
1138
1147
1139
1148
1149
1141
1150
1142
1151
1143
1152
1144
1153
1145
1154
1146
1155
1147
1156
1148
1157
1149
1158
1159
1151
1160
1152
1161
1153
1162
1154
1163
1155
1164
1156
1165
1157
1166
1158
1167
1159
1168
1169
1161
1170
1162
1171
1163
1172
1164
1173
1165
1174
1166
1175
1167
1176
1168
1177
1169
1178
1179
1171
1180
1172
1181
1173
1182
1174
1183
1175
1184
1176
1185
1177
1186
1178
1187
1179
1188
1189
1181
1190
1182
1191
1183
1192
1184
1193
1185
1194
1186
1195
1187
1196
1188
1197
1189
1198
1199
1191
1200
1192
1201
1193
1202
1194
1203
1195
1204
1196
1205
1197
1206
1198
1207
1199
1208
1209
1201
1210
1202
1211
1203
1212
1204
1213
1205
1214
1206
1215
1207
1216
1208
1217
1209
1218
1219
1211
1220
1212
1221
1213
1222
1214
1223
1215
1224
1216
1225
1217
1226
1218
1227
1219
1228
1229
1221
1230
1222
1231
1223
1232
1224
1233
1225
1234
1226
1235
1227
1236
1228
1237
1229
1238
1239
1231
1240
1232
1241
1233
1242
1234
1243
1235
1244
1236
1245
1237
1246
1238
1247
1239
1248
1249
1241
1250
1242
1251
1243
1252
1244
1253
1245
1254
1246
1255
1247
1256
1248
1257
1249
1258
1259
1251
1260
1252
1261
1253
1262
1254
1263
1255
1264
1256
1265
1257
1266
1258
1267
1259
1268
1269
1261
1270
1262
1271
1263
1272
1264
1273
1265
1274
1266
1275
1267
1276
1268
1277
1269
1278
1279
1271
1280
1272
1281
1273
1282
1274
1283
1275
1284
1276
1285
1277
1286
1278
1287
1279
1288
1289
1281
1290
1282
1291
1283
1292
1284
1293
1285
1294
1286
1295
1287
1296
1288
1297
1289
1298
1299
1291
1300
1292
1301
1293
1302
1294
1303
1295
1304
1296
1305
1297
1306
1298
1307
1299
1308
1309
1301
1310
1302
1311
1303
1312
1304
1313
1305
1314
1306
1315
1307
1316
1308
1317
1309
1318
1319
1311
1320
1312
1321
1313
1322
1314
1323
1315
1324
1316
1325
1317
1326
1318
1327
1319
1328
1329
1321
1330
1322
1331
1323
1332
1324
1333
1325
1334
1326
1335
1327
1336
1328
1337
1329
1338
1339
1331
1340
1332
1341
1333
1342
1334
1343
1335
1344
1336
1345
1337
1346
1338
1347
1339
1348
1349
1341
1350
1342
1351
1343
1352
1344
1353
1345
1354
1346
1355
1347
1356
1348
1357
1349
1358
1359
1351
1360
1352
1361
1353
1362
1354
1363
1355
1364
1356
1365
1357
1366
1358
1367
1359
1368
1369
1361
1370
1362
1371
1363
1372
1364
1373
1365
1374
1366
1375
1367
1376
1368
1377
1369
1378
1379
1371
1380
1372
1381
1373
1382
1374
1383
1375
1384
1376
1385
1377
1386
1378
1387
1379
1388
1389
1381
1390
1382
1391
1383
1392
1384
1393
1385
1394
1386
1395
1387
1396
1388
1397
1389
1398
1399
1391
1400
1392
1401
1393
1402
1394
1403
1395
1404
1396
1405
1397
1406
1398
1407
1399
1408
1409
1401
1410
1402
1411
1403
1412
1404
1413
1405
1414
1406
1415
1407
1416
1408
1417
1409
1418
1419
1411
1420
1412
1421
1413
1422
1414
1423
1415
1424
1416
1425
1417
1426
1418
1427
1419
1428
1429
1421
1430
1422
1431
1423
1432
1424
1433
1425
1434
1426
1435
1427
1436
1428
1437
1429
1438
1439
1431
1440
1432
1441
1433
1442
1434
1443
1435
1444
1436
1445
1437
1446
1438
1447
1439
1448
1449
1441
1450
1442
1451
1443
1452
1444
1453
1445
1454
1446
1455
1447
1456
1448
1457
1449
1458
1459
1451
1460
1452
1461
1453
1462
1454
1463
1455
1464
1456
1465
1457
1466
1458
1467
1459
1468
1469
1461
1470
1462
1471
1463
1472
1464
1473
1465
1474
1466
1475
1467
1476
1468
1477
1469
1478
1479
1471
1480
1472
1481
1473
1482
1474
1483
1475
1484
1476
1485
1477
1486
1478
1487
1479
1488
1489
1481
1490
1482
1491
1483
1492
1484
1493
1485
1494
1486
1495
1487
1496
1488
1497
1489
1498
1499
1491
1500
1492
1501
1493
1502
1494
1503
1495
1504
1496
1505
1497
1506
1498
1507
1499
1508
1509
1501
1510
1502
1511
1503
1512
1504
1513
1505
1514
1506
1515
1507
1516
1508
1517
1509
1518
1519
1511
1520
1512
1521
1513
1522
1514
1523
1515
1524
1516
1525
1517
1526
1518
1527
1519
1528
1529
1521
1530
1522
1531
1523
1532
1524
1533
1525
1534
1526
1535
1527
1536
1528
1537
1529
1538
1539
1531
1540
1532
1541
1533
1542
1534
1543
1535
1544
1536
1545
1537
1546
1538
1547
1539
1548
1549
1541
1550
1542
1551
1543
1552
1544
1553
1545
1554
1546
1555
1547
1556
1548
1557
1549
1558
1559
1551
1560
1552
1561
1553
1562
1554
1563
1555
1564
1556
1565
1557
1566
1558
1567
1559
1568
1569
1561
1570
1562
1571
1563
1572
1564
1573
1565
1574
1566
1575
1567
1576
1568
1577
1569
1578
1579
1571
1580
1572
1581
1573
1582
1574
1583
1575
1584
1576
1585
1577
1586
1578
1587
1579
1588
1589
1581
1590
1582
1591
1583
1592
1584
1593
1585
1594
1586
1595
1587
1596
1588
1597
1589
1598
1599
1591
1600
1592
1601
1593
1602
1594
1603
1595
1604
1596
1605
1597
1606
1598
1607
1599
1608
1609
1601
1610
1602
1611
1603
1612
1604
1613
1605
1614
1606
1615
1607
1616
1608
1617
1609
1618
1619
1611
1620
1612
1621
1613
1622
1614
1623
1615
1624
1616
1625
1617
1626
1618
1627
1619
1628
1629
1621
1630
1622
1631
1623
1632
1624
1633
1625
1634
1626
1635
1627
1636
1628
1637
1629
1638
1639
1631
1640
1632
1641
1633
1642
1634
1643
1635
1644
1636
1645
1637
1646
1638
1647
1639
1648
1649
1641
1650
1642
1651
1643
1652
1644
1653
1645
1654
1646
1655
1647
1656
1648
1657
1649
1658
1659
1651
1660
1652
1661
1653
1662
1654
1663
1655
1664
1656
1665
1657
1666
1658
1667
1659
1668
1669
1661
1670
1662
1671
1663
1672
1664
1673
1665
1674
1666
1675
1667
1676
1668
1677
1669
1678
1679
1671
1680
1672
1681
1673
1682
1674
1683
1675
1684
1676
1685
1677
1686
1678
1687
1679
1688
1689
1681
1690
1682
1691
1683
1692
1684
1693
1685
1694
1686
1695
1687
1696
1688
1697
1689
1698
1699
1691
1700
1692
1701
1693
1702
1694
1703
1695
1704
1696
1705
1697
1706
1698
1707
1699
1708
1709
1701
1710
1702
1711
1703
1712
1704
1713
1705
1714
1706
1715
1707
1716
1708
1717
1709
1718
1719
1711
1720
1712
1721
1713
1722
1714
1723
1715
1724
1716
1725
1717
1726
1718
1727
1719
1728
1729
1721
1730
1722
1731
1723
1732
1724
1733
1725
1734
1726
1735
1727
1736
1728
1737
1729
1738
1739
1731
1740
1732
1741
1733
1742
1734
1743
1735
1744
1736
1745
1737
1746
1738
1747
1739
1748
1749
1741
1750
1742
1751
1743
1752
1744
1753
1745
1754
1746
1755
1747
1756
1748
1757
1749
1758
1759
1751
1760
1752
1761
1753
1762
1754
1763
1755
1764
1756
1765
1757
1766
1758
1767
1759
1768
1769
1761
1770
1762
1771
1763
1772
1764
1773
1765
1774
1766
1775
1767
1776
1768
1777
1769
1778
1779
1771
1780
1772
1781
1773
1782
1774
1783
1775
1784
1776
1785
1777
1786
1778
1787
1779
1788
1789
1781
1790
1782
1791
1783
1792
1784
1793
1785
1794
1786
1795
1787
1796
1788
1797
1789
1798
1799
1791
1800
1792
1801
1793
1802
1794
1803
1795
1804
1796
1805
1797
1806
1798
1807
1799
1808
1809
1801
1810
1802
1811
1803
1812
1804
1813
1805
1814
1806
1815
1807
1816
1808
1817
1809
1818
1819
1811
1820
1812
1821
1813
1822
1814
1823
1815
1824
1816
1825
1817
1826
1818
1827
1819
1828
1829
1821
1830
1822
1831
1823
1832
1824
1833
1825
1834
1826
1835
1827
1836
1828
1837
1829
1838
1839
1831
1840
1832
1841
1833
1842
1834
1843
1835
1844
1836
1845
1837
1846
1838
1847
1839
1848
1849
1841
1850
1842
1851
1843
1852
1844
1853
1845
1854
1846
1855
1847
1856
1848
1857
1849
1858
1859
1851
1860
1852
1861
1853
1862
1854
1863
1855
1864
1856
1865
1857
1866
1858
1867
1859
1868
1869
1861
1870
1862
1871
1863
1872
1864
1873
1865
1874
1866
1875
1867
1876
1868
1877
1869
1878
1879
1871
1880
1872
1881
1873
1882
1874
1883
1875
1884
1876
1885
1877
1886
1878
1887
1879
1888
1889
1881
1890
1882
1891
1883
1892
1884
1893
1885
1894
1886
1895
1887
1896
1888
1897
1889
1898
1899
1891
1900
1892
1901
1893
1902
1894
1903
1895
1904
1896
1905
1897
1906
1898
1907
1899
1908
1909
1901
1910
1902
1911
1903
1912
1904
1913
1905
1914
1906
1915
1907
1916
1908
1917
1909
1918
1919
1911
1920
1912
1921
1913
1922
1914
1923
1915
1924
1916
1925
1917
1926
1918
1927
1919
1928
1929
1921
1930
1922
1931
1923
1932
1924
1933
1925
1934
1926
1935
1927
1936
1928
1937
1929
1938
1939
1931
1940
1932
1941
1933
1942
1934
1943
1935
1944
1936
1945
1937
1946
1938
1947
1939
1948
1949
1941
1950
1942
1951
1943
1952
1944
1953
1945
1954
1946
1955
1947
1956
1948
1957
1949
1958
1959
1951
1960
1952
1961
1953
1962
1954
1963
1955
1964
1956
1965
1957
1966
1958
1967
1959
1968
1969
1961
1970
1962
1971
1963
1972
1964
1973
1965
1974
1966
1975
1967
1976
1968
1977
1969
1978
1979
1971
1980
1972
1981
1973
1982
1974
1983
1975
1984
1976
1985
1977
1986
1978
1987
1979
1988
1989
1981
1990
1982
1991
1983
1992
1984
1993
1985
1994
1986
1995
1987
1996
1988
1997
1989
1998
1999
1991
2000
1992
2001
1993
2002
1994
2003
1995
2004
1996
2005
1997
2006
1998
2007
1999
2008
2009
2001
2010
2002
2011
2003
2012
2004
2013
2005
2014
2006
2015
2007
2016
2008
2017
2009
2018
2019
2011
2020
2012
2021
2013
2022
2014
2023
2015
2024
2016
2025
2017
2026
2018
2027
2019
2028
2029
2021
2030
2022
2031
2023
2032
2024
2033
2025
2034
2026
2035
2027
2036
2028
2037
2029
2038
2039
2031
2040
2032
2041
2033
2042
2034
2043
2035
2044
2036
2045
2037
2046
2038
2047
2039
2048
2049
2041
2050
2042
2051
2043
2052
2044
2053
2045
2054
2046
2055
2047
2056
2048
2057
2049
2058
2059
2051
2060
2052
2061
2053
2062
2054
2063
2055
2064
2056
2065
2057
2066
2058
2067
2059
2068
2069
2061
2070
2062
2071
2063
2072
2064
2073
2065
2074
2066
2075
2067
2076
2068
2077
2069
2078
2079
2071
2080
2072
2081
2073
2082
2074
2083
2075
2084
2076
2085
2077
2086
2078
2087
2079
2088
2089
2081
2090
2082
2091
2083
2092
2084
2093
2085
2094
2086
2095
2087
2096
2088
2097
2089
2098
2099
2091
2100
2092
2101
2093
2102
2094
2103
2095
2104
2096
2105
2097
2106
2098
2107
2099
2108
2109
2101
2110
2102
2111
2103
2112
2104
2113
2105
2114
2106
2115
2107
2116
2108
2117
2109
2118
2119
2111
2120
2112
2121
2113
2122
2114
2123
2115
2124
2116
2125
2117
2126
2118
2127
2119
2128
2129
2121
2130
2122
2131
2123
2132
2124
2133
2125
2134
2126
2135
2127
2136
2128
2137
2129
2138
2139
2131
2140
2132
2141
2133
2142
2134
2143
2135
2144
2136
2145
2137
2146
2138
2147
2139
2148
2149
2141
2150
2142
2151
2143
2152
2144
2153
2145
2154
2146
2155
2147
2156
2148
2157
2149
2158
2159
2151
2160
2152
2161
2153
2162
2154
2163
2155
2164
2156
2165
2157
2166
2158
2167
2159
2168
2169
2161
2170
2162
2171
2163
2172
2164
2173
2165
2174
2166
2175
2167
2176
2168
2177
2169
2178
2179
2171
2180
2172
2181
2173
2182
2174
2183
2175
2184
2176
2185
2177
2186
2178
2187
2179
2188
2189
2181
2190
2182
2191
2183
2192
2184
2193
2185
2194
2186
2195
2187
2196
2188
2197
2189
2198
2199
2191
2200
2192
2201
2193
2202
2194
2203
2195
2204
2196
2205
2197
2206
2198
2207
2199
2208
2209
2201
2210
2202
2211
2203
2212
2204
2213
2205
2214
2206
2215
2207
2216
2208
2217
2209
2218
2219
2211
2220
2212
2221
2213
2222
2214
2223
2215
2224
2216
2225
2217
2226
2218
2227
2219
2228
2229
2221
2230
2222
2231
2223
2232
2224
2233
2225
2234
2226
2235
2227
2236
2228
2237
2229
2238
2239
2231
2240
2232
2241
2233
2242
2234
2243
2235
2244
2236
2245
2237
2246
2238
2247
2239
2248
2249
2241
2250
2242
2251
2243
2252
2244
2253
2245
2254
2246
2255
2247
2256
2248
2257
2249
2258
2259
2251
2260
2252
2261
2253
2262
2254
2263
2255
2264
2256
2265
2257
2266
2258
2267
2259
2268
2269
2261
2270
2262
2271
2263
2272
2264
2273
2265
2274
2266
2275
2267
2276
2268
2277
2269
2278
2279
2271
2280
2272
2281
2273
2282
2274
2283
2275
2284
2276
2285
2277
2286
2278
2287
2279
2288
2289
2281
2290
2282
2291
2283
2292
2284
2293
2285
2294
2286
2295
2287
2296
2288
2297
2289
2298
2299
2291
2300
2292
2301
2293
2302
2294
2303
2295
2304
2296
2305
2297
2306
2298
2307
2299
2308
2309
2301
2310
2302
2311
2303
2312
2304
2313
2305
2314
2306
2315
2307
2316
2308
2317
2309
2318
2319
2311
2320
2312
2321
2313
2322
2314
2323
2315
2324
2316
2325
2317
2326
2318
2327
2319
2328
2329
2321
2330
2322
2331
2323
2332
2324
2333
2325
2334
2326
2335
2327
2336
2328
2337
2329
2338
2339
2331
2340
2332
2341
2333
2342
2334
2343
2335
2344
2336
2345
2337
2346
2338
2347
2339
2348
2349
2341
2350
2342
2351
2343
2352
2344
2353
2345
2354
2346
2355
2347
2356
2348
2357
2349
2358
2359
2351
2360
2352
2361
2353
2362
2354
2363
2355
2364
2356
2365
2357
2366
2358
2367
2359
2368
2369
2361
2370
2362
2371
2363
2372
2364
2373
2365
2374
2366
2375
2367
2376
2368
2377
2369
2378
2379
2371
2380
2372
2381
2373
2382
2374
2383
2375
2384
2376
2385
2377
2386
2378
2387
2379
2388
2389
2381
2390
2382
2391
2383
2392
2384
2393
2385
2394
2386
2395
2387
2396
2388
2397
2389
2398
2399
2391
2400
2392
2401
2393
2402
2394
2403
2395
2404
2396
2405
2397
2406
2398
2407
2399
2408
2409
2401
2410
2402
2411
2403
2412
2404
2413
2405
2414
2406
2415
2407
2416
2408
2417
2409
2418
2419
2411
2420
2412
2421
2413
2422
2414
2423
2415
2424
2416
2425
2417
2426
2418
2427
2419
2428
2429
2421
2430
2422
2431
2423
2432
2424
2433
2425
2434
2426
2435
2427
2436
2428
2437
2429
2438
2439
2431
2440
2432
2441
2433
2442
2434
2443
2435
2444
2436
2445
2437
2446
2438
2447
2439
2448
2449
2441
2450
2442
2451
2443
2452
2444
2453
2445
2454
2446
2455
2447
2456
2448
2457
2449
2458
2459
2451
2460
2452
2461
2453
2462
2454
2463
2455
2464
2456
2465
2457
2466
2458
2467
2459
2468
2469
2461
2470
2462
2471
2463
2472
2464
2473
2465
2474
2466
2475
2467
2476
2468
2477
2469
2478
2479
2471
2480
2472
2481
2473
2482
2474
2483
2475
2484
2476
2485
2477
2486
2478
2487
2479
2488
2489
2481
2490
2482
2491
2483
2492
2484
2493
2485
2494
2486
2495
2487
2496
2488
2497
2489
2498
2499
2491
2500
2492
2501
2493
2502
2494
2503
2495
2504
2496
2505
2497
2506
2498
2507
2499
2508
2509
2501
2510
2502
2511
2503
2512
2504
2513
2505
2514
2506
2515
2507
2516
2508
2517
2509
2518
2519
2511
2520
2512
2521
2513
2522
2514
2523
2515
2524
2516
2525
2517
2526
2518
2527
2519
2528
2529
2521
2530
2522
2531
2523
2532
2524
2533
2525
2534
2526
2535
2527
2536
2528
2537
2529
2538
2539
2531
2540
2532
2541
2533
2542
2534
2543
2535
2544
2536
2545
2537
2546
2538
2547
2539
2548
2549
2541
2550
2542
2551
2543
2552
2544
2553
2545
2554
2546
2555
2547
2556
2548
2557
2549
2558
2559
2551
2560
2552
2561
2553
2562
2554
2563
2555
2564
2556
2565
2557
2566
2558
2567
2559
2568
2569
2561
2570
2562
2571
2563
2572
2564
2573
2565
2574
2566
2575
2567
2576
2568
2577
2569
2578
2579
2571
2580
2572
2581
2573
2582
2574
2583
2575
2584
2576
2585
2577
2586
2578
2587
2579
2588
2589
2581
2590
2582
2591
2583
2592
2584
2593
2585
2594
2586
2595
2587
2596
2588
2597
2589
2598
2599
2591
2600
2592
2601
2593
2602
2594
2603
2595
2604
2596
2605
2597
2606
2598
2607
2599
2608
2609
2601
2610
2602
2611
2603
2612
2604
2613
2605
2614
2606
2615
2607
2616
2608
2617
2609
2618
2619
2611
2620
2612
2621
2613
2622
2614
2623
2615
2624
2616
2625
2617
2626
2618
2627
2619
2628
2629
2621
2630
2622
2631
2623
2632
2624
2633
2625
2634
2626
2635
2627
2636
2628
2637
2629
2638
2639
2631
2640
2632
2641
2633
2642
2634
2643
2635
2644
2636
2645
2637
2646
2638
2647
2639
2648
2649
2641
2650
2642
2651
2643
2652
2644
2653
2645
2654
2646
2655
2647
2656
2648
2657
2649
2658
2659
2651
2660
2652
2661
2653
2662
2654
2663
2655
2664
2656
2665
2657
2666
2658
2667
2659
2668
2669
2661
2670
2662
2671
2663
2672
2664
2673
2665
2674
2666
2675
2667
2676
2668
2677
2669
2678
2679
2671
2680
2672
2681
2673
2682
2674
2683
2675
2684
2676
2685
2677
2686
2678
2687
2679
2688
2689
2681
2690
2682
2691
2683
2692
2684
2693
2685
2694
2686
2695
2687
2696
2688
2697
2689
2698
2699
2691
2700
2692
2701
2693
2702
2694
2703
2695
2704
2696
2705
2697
2706
2698
2707
2699
2708
2709
2701
2710
2702
2711
2703
2712
2704
2713
2705
2714
2706
2715
2707
2716
2708
2717
2709
2718
2719
2711
2720
2712
2721
2713
2722
2714
2723
2715
2724
2716
2725
2717
2726
2718
2727
2719
2728
2729
2721
2730
2722
2731
2723
2732
2724
2733
2725
2734
2726
2735
2727
2736
2728
2737
2729
2738
2739
2731
2740
2732
2741
2733
2742
2734
2743
2735
2744
2736
2745
2737
2746
2738
2747
2739
2748
2749
2741
2750
2742
2751
2743
2752
2744
2753
2745
2754
2746
2755
2747
2756
2748
2757
2749
2758
2759
2751
2760
2752
2761
2753
2762
2754
2763
2755
2764
2756
2765
2757
2766
2758
2767
2759
2768
2769
2761
2770
2762
2771
2763
2772
2764
2773
2765
2774
2766
2775
2767
2776
2768
2777
2769
2778
2779
2771
2780
2772
2781
2773
2782
2774
2783
2775
2784
2776
2785
2777
2786
2778
2787
2779
2788
2789
2781
2790
2782
2791
2783
2792
2784
2793
2785
2794
2786
2795
2787
2796
2788
2797
2789
2798
2799
2791
2800
2792
2801
2793
2802
2794
2803
2795
2804
2796
2805
2797
2806
2798
2807
2799
2808
2809
2801
2810
2802
2811
2803
2812
2804
2813
2805
2814
2806
2815
2807
2816
2808
2817
2809
2818
2819
2811
2820
2812
2821
2813
2822
2814
2823
2815
2824
2816
2825
2817
2826
2818
2827
2819
2828
2829
2821
2830
2822
2831
2823
2832
2824
2833
2825
2834
2826
2835
2827
2836
2828
2837
2829
2838
2839
2831
2840
2832
2841
2833
2842
2834
2843
2835
2844
2836
2845
2837
2846
2838
2847
2839
2848
2849
2841
2850
2842
2851
2843
2852
2844
2853
2845
2854
2846
2855
2847
2856
2848
2857
2849
2858
2859
2851
2860
2852
2861
2853
2862
2854
2863
2855
2864
2856
2865
2857
2866
2858
2867
2859
2868
2869
2861
2870
2862
2871
2863
2872
2864
2873
2865
2874
2866
2875
2867
2876
2868
2877
2869
2878
2879
2871
2880
2872
2881
2873
2882
2874
2883
2875
2884
2876
2885
2877
2886
2878
2887
2879
2888
2889
2881
2890
2882
2891
2883
2892
2884
2893
2885
2894
2886
2895
2887
2896
2888
2897
2889
2898
2899
2891
2900
2892
2901
2893
2902
2894
2903
2895
2904
2896
2905
2897
2906
2898
2907
2899
2908
2909
2901
2910
2902
2911
2903
2912
2904
2913
2905
2914
2906
2915
2907
2916
2908
2917
2909
2918
2919
2911
2920
2912
2921
2913
2922
2914
2923
2915
2924
2916
2925
2917
2926
2918
2927
2919
2928
2929
2921
2930
2922
2931
2923
2932
2924
2933
2925
2934
2926
2935
2927
2936
2928
2937
2929
2938
2939
2931
2940
2932
2941
2933
2942
2934
2943
2935
2944
2936
2945
2937
2946
2938
2947
2939
2948
2949
2941
2950
2942
2951
2943
2952
2944
2953
2945
2954
2946
2955
2947
2956
2948
2957
2949
2958
2959
2951
2960
2952
2961
2953
2962
2954
2963
2955
2964
2956
2965
2957
2966
2958
2967
2959
2968
2969
2961
2970
2962
2971
2963
2972
2964
2973
2965
2974
2966
2975
2967
2976
2968
2977
2969
2978
2979
2971
2980
2972
2981
2973
2982
2974
2983
2975
2984
2976
2985
2977
2986
2978
2987
2979
2988
2989
2981
2990
2982
2991
2983
2992
2984
2993
2985
2994
2986
2995
2987
2996
2988
2997
2989
2998
2999
2991
3000
2992
3001
2993
3002
2994
3003
2995
3004
2996
3005
2997
3006
2998
3007
2999
3008
3009
3001
3010
3002
3011
3003
3012
3004
3013
3005
3014
3006
3015
3007
3016
3008
3017
3009
3018
3019
3011
3020
3012
3021
3013
3022
3014
3023
3015
3024
3016
3025
3017
3026
3018
3027
3019
3028
3029
3021
3030
3022
3031
3023
3032
3024
3033
3025
3034
3026
3035
3027
3036
3028
3037
3029
3038
3039
3031
3040
3032
3041
3033
3042
3034
3043
3035
3044
3036
3045
3037
3046
3038
3047
3039
3048
3049
3041
3050
3042
3051
3043
3052
3044
3053
3045
3054
3046
3055
3047
3056
3048
3057
3049
3058
3059
3051
3060
3052
3061
3053
3062
3054
3063
3055
3064
3056
3065
3057
3066
3058
3067
3059
3068
3069
3061
3070
3062
3071
3063
3072
3064
3073
3065
3074
3066
3075
3067
3076
3068
3077
3069
3078
3079
3071
3080
3072
3081
3073
3082
3074
3083
3075
3084
3076
3085
3077
3086
3078
3087
3079
3088
3089
3081
3090
3082
3091
3083
3092
3084
3093
3085
3094
3086
3095
3087
3096
3088
3097
3089
3098
3099
3091
3100
3092
3101
3093
3102
3094
3103
3095
3104
3096
3105
3097
3106
3098
3107
3099
3108
3109
3101
3110
3102
3111
3103
3112
3104
3113
3105
3114
3106
3115
3107
3116
3108
3117
3109
3118
3119
3111
3120
3112
3121
3113
3122
3114
3123
3115
3124
3116
3125
3117
3126
3118
3127
3119
3128
3129
3121
3130
3122
3131
3123
3132
3124
3133
3125
3134
3126
3135
3127
3136
3128
3137
3129
3138
3139
3131
3140
3132
3141
3133
3142
3134
3143
3135
3144
3136
3145
3137
3146
3138
3147
3139
3148
3149
3141
3150
3142
3151
3143
3152
3144
3153
3145
3154
3146
3155
3147
3156
3148
3157
3149
3158
3159
3151
3160
3152
3161
3153
3162
3154
3163
3155
3164
3156
3165
3157
3166
3158
3167
3159
3168
3169
3161
3170
3162
3171
3163
3172
3164
3173
3165
3174
3166
3175
3167
3176
3168
3177
3169
3178
3179
3171
3180
3172
3181
3173
3182
3174
3183
3175
3184
3176
3185
3177
3186
3178
3187
3179
3188
3189
3181
3190
3182
3191
3183
3192
3184
3193
3185
3194
3186
3195
3187
3196
3188
3197
3189
3198
3199
3191
3200
3192
3201
3193
3202
3194
3203
3195
3204
3196
3205
3197
3206
3198
3207
3199
3208
3209
3201
3210
3202
3211
3203
3212
3204
3213
3205
3214
3206
3215
3207
3216
3208
3217
3209
3218
3219
3211
3220
3212
3221
3213
3222
3214
3223
3215
3224
3216
3225
3217
3226
3218
3227
3219
3228
3229
3221
3230
3222
3231
3223
3232
3224
3233
3225
3234
3226
3235
3227
3236
3228
3237
3229
3238
3239
3231
3240
3232
3241
3233
3242
3234
3243
3235
3244
3236
3245
3237
3246
3238
3247
3239
3248
3249
3241
3250
3242
3251
3243
3252
3244
3253
3245
3254
3246
3255
3247
3256
3248
3257
3249
3258
3259
3251
3260
3252
3261
3253
3262
3254
3263
3255
3264
3256
3265
3257
3266
3258
3267
3259
3268
3269
3261
3270
3262
3271
3263
3272
3264
3273
3265
3274
3266
3275
3267
3276
3268
3277
3269
3278
3279
3271
3280
3272
3281
3273
3282
3274
3283
3275
3284
3276
3285
3277
3286
3278
3287
3279
3288
3289
3281
3290
3282
3291
3283
3292
3284
3293
3285
3294
3286
3295
3287
3296
3288
3297
3289
3298
3299
3291
3300
3292
3301
3293
3302
3294
3303
3295
3304
3296
3305
3297
3306
3298
3307
3299
3308
3309
3301
3310
3302
3311
3303
3312
3304
3313
3305
3314
3306
3315
3307
3316
3308
3317
3309
3318
3319
3311
3320
3312
3321
3313
3322
3314
3323
3315
3324
3316
3325
3317
3326
3318
3327
3319
3328
3329
3321
3330
3322
3331
3323
3332
3324
3333
3325
3334
3326
3335
3327
3336
3328
3337
3329
3338
3339
3331
3340
3332
3341
3333
3342
3334
3343
3335
3344
3336
3345
3337
3346
3338
3347
3339
3348
3349
3341
3350
3342
3351
3343
3352
3344
3353
3345
3354
3346
3355
3347
3356
3348
3357
3349
3358
3359
3351
3360
3352
3361
3353
3362
3354
3363
3355
3364
3356
3365
3357
3366
3358
3367
3359
3368
3369
3361
3370
3362
3371
3363
3372
3364
3373
3365
3374
3366
3375
3367
3376
3368
3377
3369
3378
3379
3371
3380
3372
3381
3373
3382
3374
3383
3375
3384
3376
3385
3377
3386
3378
3387
3379
3388
3389
3381
3390
3382
3391
3383
3392
3384
3393
3385
3394
3386
3395
3387
3396
3388
3397
3389
3398
3399
3391
3400
3392
3401
3393
3402
3394
3403
3395
3404
3396
3405
3397
3406
3398
3407
3399
3408
3409
3401
3410
3402
3411
3403
3412
3404
3413
3405
3414
3406
3415
3407
3416
3408
3417
3409
3418
3419
3411
3420
3412
3421
3413
3422
3414
3423
3415
3424
3416
3425
3417
3426
3418
3427
3419
3428
3429
3421
3430
3422
3431
3423
3432
3424
3433
3425
3434
3426
3435
3427
3436
3428
3437
3429
3438
3439
3431
3440
3432
3441
3433
3442
3434
3443
3435
3444
3436
3445
3437
3446
3438
3447
3439
3448
3449
3441
3450
3442
3451
3443
3452
3444
3453
3445
3454
3446
3455
3447
3456
3448
3457
3449
3458
3459
3451
3460
3452
3461
3453
3462
3454
3463
3455
3464
3456
3465
3457
3466
3458
3467
3459
3468
3469
3461
3470
3462
3471
3463
3472
3464
3473
3465
3474
3466
3475
3467
3476
3468
3477
3469
3478
3479
3471
3480
3472
3481
3473
3482
3474
3483
3475
3484
3476
3485
3477
3486
3478
3487
3479
3488
3489
3481
3490
3482
3491
3483
3492
3484
3493
3485
3494
3486
3495
3487
3496
3488
3497
3489
3498
3499
3491
3500
3492
3501
3493
3502
3494
3503
3495
3504
3496
3505
3497
3506
3498
3507
3499
3508
3509
3501
3510
3502
3511
3503
3512
3504
3513
3505
3514
3506
3515
3507
3516
3508
3517
3509
3518
3519
3511
3520
3512
3521
3513
3522
3514
3523
3515
3524
3516
3525
3517
3526
3518
3527
3519
3528
3529
3521
3530
3522
3531
3523
3532
3524
3533
3525
3534
3526
3535
3527
3536
3528
3537
3529
3538
3539
3531
3540
3532
3541
3533
3542
3534
3543
3535
3544
3536
3545
3537
3546
3538
3547
3539
3548
3549
3541
3550
3542
3551
3543
3552
3544
3553
3545
3554
3546
3555
3547
3556
3548
3557
3549
3558
3559
3551
3560
3552
3561
3553
3562
3554
3563
3555
3564
3556
3565
3557
3566
3558
3567
3559
3568
3569
3561
3570
3562
3571
3563
3572
3564
3573
3565
3574
3566
3575
3567
3576
3568
3577
3569
3578
3579
3571
3580
3572
3581
3573
3582
3574
3583
3575
3584
3576
3585
3577
3586
3578
3587
3579
3588
3589
3581
3590
3582
3591
3583
3592
3584
3593
3585
3594
3586
3595
3587
3596
3588
3597
3589
3598
3599
3591
3600
3592
3601
3593
3602
3594
3603
3595
3604
3596
3605
3597
3606
3598
3607
3599
3608
3609
3601
3610
3602
3611
3603
3612
3604
3613
3605
3614
3606
3615
3607
3616
3608
3617
3609
3618
3619
3611
3620
3612
3621
3613
3622
3614
3623
3615
3624
3616
3625
3617
3626
3618
3627
3619
3628
3629
3621
3630
3622
3631
3623
3632
3624
3633
3625
3634
3626
3635
3627
3636
3628
3637
3629
3638
3639
3631
3640
3632
3641
3633
3642
3634
3643
3635
3644
3636
3645
3637
3646
3638
3647
3639
3648
3649
3641
3650
3642
3651
3643
3652
3644
3653
3645
3654
3646
3655
3647
3656
3648
3657
3649
3658
3659
3651
3660
3652
3661
3653
3662
3654
3663
3655
3664
3656
3665
3657
3666
3658
3667
3659
3668
3669
3661
3670
3662
3671
3663
3672
3664
3673
3665
3674
3666
3675
3667
3676
3668
3677
3669
3678
3679
3671
3680
3672
3681
3673
3682
3674
3683
3675
3684
3676
3685
3677
3686
3678
3687
3679
3688
3689
3681
3690
3682
3691
3683
3692
3684
3693
3685
3694
3686
3695
3687
3696
3688
3697
3689
3698
3699
3691
3700
3692
3701
3693
3702
3694
3703
3695
3704
3696
3705
3697
3706
3698
3707
3699
3708
3709
3701
3710
3702
3711
3703
3712
3704
3713
3705
3714
3706
3715
3707
3716
3708
3717
3709
3718
3719
3711
3720
3712
3721
3713
3722
3714
3723
3715
3724
3716
3725
3717
3726
3718
3727
3719
3728
3729
3721
3730
3722
3731
3723
3732
3724
3733
3725
3734
3726
3735
3727
3736
3728
3737
3729
3738
3739
3731
3740
3732
3741
3733
3742
3734
3743
3735
3744
3736
3745
3737
3746
3738
3747
3739
3748
3749
3741
3750
3742
3751
3743
3752
3744
3753
3745
3754
3746
3755
3747
3756
3748
3757
3749
3758
3759
3751
3760
3752
3761
3753
3762
3754
3763
3755
3764
3756
3765
3757
3766
3758
3767
3759
3768
3769
3761
3770
3762
3771
3763
3772
3764
3773
3765
3774
3766
3775
3767
3776
3768
3777
3769
3778
3779
3771
3780
3772
3781
3773
3782
3774
3783
3775
3784
3776
3785
3777
3786
3778
3787
3779
3788
3789
3781
3790
3782
3791
3783
3792
3784
3793
3785
3794
3786
3795
3787
3796
3788
3797
3789
3798
3799
3791
3800
3792
3801
3793
3802
3794
3803
3795
3804
3796
3805
3797
3806
3798
3807
3799
3808
3809
3801
3810
3802
3811
3803
3812
3804
3813
3805
3814
3806
3815
3807
3816
3808
3817
3809
3818
3819
3811
3820
3812
3821
3813
3822
3814
3823
3815
3824
3816
3825
3817
3826
3818
3827
3819
3828
3829
3821
3830
3822
3831
3823
3832
3824
3833
3825
3834
3826
3835
3827
3836
3828
3837
3829
3838
3839
3831
3840
3832
3841
3833
3842
3834
3843
3835
3844
3836
3845
3837
3846
3838
3847
3839
3848
3849
3841
3850
3842
3851
3843
3852
3844
3853
3845
3854
3846
3855
3847
3856
3848
3857
3849
3858
3859
3851
3860
3852
3861
3853
3862
3854
3863
3855
3864
3856
3865
3857
3866
3858
3867
3859
3868
3869
3861
3870
3862
3871
3863
3872
3864
3873
3865
3874
3866
3875
3867
3876
3868
3877
3869
3878
3879
3871
3880
3872
3881
3873
3882
3874
3883
3875
3884
3876
3885
3877
3886
3878
3887
3879
3888
3889
3881
3890
3882
3891
3883
3892
3884
3893
3885
3894
3886
3895
3887
3896
3888
3897
3889
3898
3899
3891
3900
3892
3901
3893
3902
3894
3903
3895
3904
3896
3905
3897
3906
3898
3907
3899
3908
3909
3901
3910
3902
3911
3903
3912
3904
3913
3905
3914
3906
3915
3907
3916
3908
3917
3909
3918
3919
3911
3920
3912
3921
3913
3922
3914
3923
3915
3924
3916
3925
3917
3926
3918
3927
3919
3928
3929
3921
3930
3922
3931
3923
3932
3924
3933
3925
3934
3926
3935
3927
3936
3928
3937
3929
3938
3939
3931
3940
3932
3941
3933
3942
3934
3943
3935
3944
3936
3945
3937
3946
3938
3947
3939
3948
3949
3941
3950
3942
3951
3943
3952
3944
3953
3945
3954
3946
3955
3947
3956
3948
3957
3949
3958
3959
3951
3960
3952
3961
3953
3962
3954
3963
3955
3964
3956
3965
3957
3966
3958
3967
3959
3968
3969
3961
3970
3962
3971
3963
3972
3964
3973
3965
3974
3966
3975
3967
3976
3968
3977
3969
3978
3979
3971
3980
3972
3981
3973
3982
3974
3983
3975
3984
3976
3985
3977
3986
3978
3987
3979
3988
3989
3981
3990
3982
3991
3983
3992
3984
3993
3985
3994
3986
3995
3987
3996
3988
3997
3989
3998
3999
3991
4000
3992
4001
3993
4002
3994
4003
3995
4004
3996
4005
3997
4006
3998
4007
3999
4008
4009
4001
4010
4002
4011
4003
4012
4004
4013
4005
4014
4006
4015
4007
4016
4008
4017
4009
4018
4019
4011
4020
4012
4021
4013
4022
4014
4023
4015
4024
4016
4025
4017
4026
4018
4027
4019
4028
4029
4021
4030
4022
4031
4023
4032
4024
4033
4025
4034
4026
4035
4027
4036
4028
4037
4029
4038
4039
4031
4040
4032
4041
4033
4042
4034
4043
4035
4044
4036
4045
4037
4046
4038
4047
4039
4048
4049
4041
4050
4042
4051
4043
4052
4044
4053
4045
4054
4046
4055
4047
4056
4048
4057
4049
4058
4059
4051
4060
4052
4061
4053
4062
4054
4063
4055
4064
4056
4065
4057
4066
4058
4067
4059
4068
4069
4061
4070
4062
4071
4063
4072
4064
4073
4065
4074
4066
4075
4067
4076
4068
4077
4069
4078
4079
4071
4080
4072
4081
4073
4082
4074
4083
4075
4084
4076
4085
4077
4086
4078
4087
4079
4088
4089
4081
4090
4082
4091
4083
4092
4084
4093
4085
4094
4086
4095
4087
4096
4088
4097
4089
4098
4099
4091
4100
4092
4101
4093
4102
4094
4103
4095
4104
4096
4105
4097
4106
4098
4107
4099
4108
4109
4101
4110
4102
4111
4103
4112
4104
4113
4105
4114
4106
4115
4107
4116
4108
4117
4109
4118
4119
4111
4120
4112
4121
4113
4122
4114
4123
4115
4124
4116
4125
4117
4126
4118
4127
4119
4128
4129
4121
4130
4122
4131
4123
4132
4124
4133
4125
4134
4126
4135
4127
4136
4128
4137
4129
4138
4139
4131
4140
4132
4141
4133
4142
4134
4143
4135
4144
4136
4145
4137
4146
4138
4147
4139
4148
4149
4141
4150
4142
4151
4143
4152
4144
4153
4145
4154
4146
4155
4147
4156
4148
4157
4149
4158
4159
4151
4160
4152
4161
4153
4162
4154
4163
4155
4164
4156
4165
4157
4166
4158
4167
4159
4168
4169
4161
4170
4162
4171
4163
4172
4164
4173
4165
4174
4166
4175
4167
4176
4168
4177
4169
4178
4179
4171
4180
4172
4181
4173
4182
4174
4183
4175
4184
4176
4185
4177
4186
4178
4187
4179
4188
4189
4181
4190
4182
4191
4183
4192
4184
4193
4185
4194
4186
4195
4187
4196
4188
4197
4189
4198
4199
4191
4200
4192
4201
4193
4202
4194
4203
4195
4204
4196
4205
4197
4206
4198
4207
4199
4208
4209
4201
4210
4202
4211
4203
4212
4204
4213
4205
4214
4206
4215
4207
4216
4208
4217
4209
4218
4219
4211
4220
4212
4221
4213
4222
4214
4223
4215
4224
4216
4225
4217
4226
4218
4227
4219
4228
4229
4221
4230
4222
4231
4223
4232
4224
4233
4225
4234
4226
4235
4227
4236
4228
4237
4229
4238
4239
4231
4240
4232
4241
4233
4242
4234
4243
4235
4244
4236
4245
4237
4246
4238
4247
4239
4248
4249
4241
4242
4243
4244
4245
4246
4247
4248
4249
)


// ************************************************************************* //
